name=cleverbot14
type=2
skill=18,12,1,1,-10,1
Avg=45.572578957011494
Dtot=1411
CoAtt=207
CoSucc=17
CoRat=8.21256038647343
S100+=24
S140+=2
S160+=0
S180=0
T+Out=0
HiScore=140
HiCo=0
AvgCo=21.705882352941178
