name=CleverbotMental18
type=3
skill=20,16,3,2,8,18
Avg=48.36054660509675
Dtot=420
CoAtt=37
CoSucc=4
CoRat=10.81081081081081
S100+=5
S140+=1
S160+=0
S180=0
T+Out=0
HiScore=140
HiCo=0
AvgCo=32.75
