name=ComplexBot25
type=3
skill=25,25,3,2,12,20
Avg=54.18105080983246
Dtot=1295
CoAtt=196
CoSucc=29
CoRat=14.795918367346939
S100+=42
S140+=7
S160+=1
S180=3
T+Out=1
HiScore=180
HiCo=0
AvgCo=27.862068965517242
