name=ComplexBot23
type=3
skill=23,23,1,0,5,30
Avg=71.35864448051947
Dtot=22
CoAtt=3
CoSucc=1
CoRat=33.333333333333336
S100+=1
S140+=1
S160+=0
S180=0
T+Out=0
HiScore=140
HiCo=0
AvgCo=16
