name=ComplexBot22
type=3
skill=22,22,3,3,8,20
Avg=47.076199488277176
Dtot=4730
CoAtt=731
CoSucc=98
CoRat=13.406292749658002
S100+=120
S140+=12
S160+=1
S180=2
T+Out=0
HiScore=180
HiCo=0
AvgCo=23.418367346938776
