name=ComplexBot25
type=3
skill=25,25,3,2,12,20
Avg=62.404279645669675
Dtot=1038
CoAtt=173
CoSucc=25
CoRat=14.45086705202312
S100+=31
S140+=6
S160+=1
S180=3
T+Out=1
HiScore=180
HiCo=0
AvgCo=27.56
