name=ComplexBot22
type=3
skill=22,22,3,3,8,20
Avg=47.08727259260412
Dtot=4644
CoAtt=721
CoSucc=96
CoRat=13.314840499306518
S100+=119
S140+=12
S160+=1
S180=2
T+Out=0
HiScore=180
HiCo=0
AvgCo=23.364583333333332
