name=ComplexBot22
type=3
skill=22,22,3,3,8,20
Avg=45.3112049616396
Dtot=5147
CoAtt=784
CoSucc=104
CoRat=13.26530612244898
S100+=130
S140+=12
S160+=1
S180=2
T+Out=0
HiScore=180
HiCo=0
AvgCo=23.125
