name=ComplexBot22
type=3
skill=22,22,3,3,8,20
Avg=51.40278732612481
Dtot=4946
CoAtt=744
CoSucc=100
CoRat=13.440860215053764
S100+=126
S140+=12
S160+=1
S180=2
T+Out=0
HiScore=180
HiCo=0
AvgCo=23.91
