name=ComplexBot25
type=3
skill=25,25,3,2,12,20
Avg=55.344688930100695
Dtot=1238
CoAtt=185
CoSucc=27
CoRat=14.594594594594595
S100+=40
S140+=7
S160+=1
S180=3
T+Out=1
HiScore=180
HiCo=0
AvgCo=27.925925925925927
