name=ComplexBot25
type=3
skill=25,25,3,2,12,20
Avg=55.31030202972016
Dtot=1967
CoAtt=361
CoSucc=45
CoRat=12.465373961218837
S100+=53
S140+=8
S160+=1
S180=3
T+Out=1
HiScore=180
HiCo=0
AvgCo=24.0
