name=ComplexBot23
type=3
skill=23,23,1,0,5,30
Avg=51.692917035198995
Dtot=238
CoAtt=28
CoSucc=4
CoRat=14.285714285714286
S100+=5
S140+=1
S160+=0
S180=0
T+Out=0
HiScore=140
HiCo=0
AvgCo=14.0
