name=ComplexBot22
type=3
skill=22,22,3,3,8,20
Avg=47.27958573710156
Dtot=4694
CoAtt=726
CoSucc=97
CoRat=13.360881542699724
S100+=120
S140+=12
S160+=1
S180=2
T+Out=0
HiScore=180
HiCo=0
AvgCo=23.329896907216494
