name=Fischi
type=1
skill=-1
Avg=98.30503775867733
Dtot=258
CoAtt=61
CoSucc=61
CoRat=100.0
S100+=69
S140+=2
S160+=0
S180=4
T+Out=61
HiScore=180
HiCo=0
AvgCo=102.80327868852459
