name=Fischi
type=1
skill=-1
Avg=99.64177149569441
Dtot=278
CoAtt=63
CoSucc=63
CoRat=100.0
S100+=71
S140+=2
S160+=0
S180=6
T+Out=62
HiScore=180
HiCo=0
AvgCo=102.73015873015873
