name=Fischi
type=1
skill=-1
Avg=100.35204588002169
Dtot=189
CoAtt=39
CoSucc=39
CoRat=100.0
S100+=47
S140+=2
S160+=0
S180=4
T+Out=39
HiScore=180
HiCo=0
AvgCo=103.82051282051282
