name=Fischi
type=1
skill=-1
Avg=81.58525649709918
Dtot=93
CoAtt=7
CoSucc=7
CoRat=100.0
S100+=15
S140+=2
S160+=0
S180=4
T+Out=7
HiScore=180
HiCo=0
AvgCo=116.71428571428571
