name=Fischi
type=1
skill=-1
Avg=62.283380499270194
Dtot=84
CoAtt=6
CoSucc=6
CoRat=100.0
S100+=15
S140+=1
S160+=0
S180=2
T+Out=6
HiScore=180
HiCo=0
AvgCo=112.66666666666667
