name=marc
type=1
skill=-1
Avg=38.59032530212837
Dtot=993
CoAtt=182
CoSucc=148
CoRat=81.31868131868131
S100+=147
S140+=0
S160+=1
S180=49
T+Out=146
HiScore=501
HiCo=0
AvgCo=104.79054054054055
