name=marc
type=1
skill=-1
Avg=36.71646477227894
Dtot=931
CoAtt=180
CoSucc=146
CoRat=81.11111111111111
S100+=147
S140+=0
S160+=0
S180=47
T+Out=145
HiScore=180
HiCo=0
AvgCo=102.65068493150685
