name=marc
type=1
skill=-1
Avg=50.52614869362251
Dtot=1298
CoAtt=245
CoSucc=211
CoRat=86.12244897959184
S100+=211
S140+=0
S160+=1
S180=50
T+Out=207
HiScore=501
HiCo=0
AvgCo=103.47867298578198
