name=marc
type=1
skill=-1
Avg=41.60999973960636
Dtot=1031
CoAtt=184
CoSucc=150
CoRat=81.52173913043478
S100+=150
S140+=0
S160+=1
S180=49
T+Out=147
HiScore=501
HiCo=0
AvgCo=104.55333333333333
