name=marc
type=1
skill=-1
Avg=72.84838530615204
Dtot=1241
CoAtt=245
CoSucc=211
CoRat=86.12244897959184
S100+=211
S140+=0
S160+=1
S180=50
T+Out=207
HiScore=501
HiCo=0
AvgCo=103.47867298578198
