name=marc
type=1
skill=-1
Avg=57.58060131128568
Dtot=1397
CoAtt=253
CoSucc=219
CoRat=86.56126482213439
S100+=219
S140+=0
S160+=1
S180=50
T+Out=207
HiScore=501
HiCo=0
AvgCo=102.65753424657534
