name=marc
type=1
skill=-1
Avg=65.57627741057019
Dtot=1139
CoAtt=220
CoSucc=186
CoRat=84.54545454545455
S100+=186
S140+=0
S160+=1
S180=49
T+Out=183
HiScore=501
HiCo=0
AvgCo=103.86559139784946
