name=offy
type=1
skill=-1
Avg=96.88190148500901
Dtot=346
CoAtt=58
CoSucc=58
CoRat=100.0
S100+=61
S140+=1
S160+=3
S180=7
T+Out=51
HiScore=501
HiCo=0
AvgCo=115.03448275862068
