name=offy
type=1
skill=-1
Avg=56.2088616643197
Dtot=217
CoAtt=15
CoSucc=15
CoRat=100.0
S100+=18
S140+=1
S160+=3
S180=7
T+Out=8
HiScore=501
HiCo=0
AvgCo=155.26666666666668
