name=offy
type=1
skill=-1
Avg=53.78613671557126
Dtot=930
CoAtt=136
CoSucc=112
CoRat=82.3529411764706
S100+=132
S140+=8
S160+=4
S180=11
T+Out=95
HiScore=501
HiCo=0
AvgCo=105.03571428571429
