name=offy
type=1
skill=-1
Avg=34.99689914836467
Dtot=83
CoAtt=3
CoSucc=3
CoRat=100.0
S100+=13
S140+=1
S160+=0
S180=1
T+Out=3
HiScore=180
HiCo=0
AvgCo=117.66666666666667
