name=offy
type=1
skill=-1
Avg=44.16329184694213
Dtot=863
CoAtt=130
CoSucc=106
CoRat=81.53846153846153
S100+=130
S140+=8
S160+=3
S180=7
T+Out=94
HiScore=501
HiCo=0
AvgCo=108.37735849056604
