name=offy
type=1
skill=-1
Avg=60.507895238182115
Dtot=661
CoAtt=104
CoSucc=104
CoRat=100.0
S100+=126
S140+=8
S160+=3
S180=7
T+Out=94
HiScore=501
HiCo=0
AvgCo=109.6923076923077
