name=Petely_Pete
type=1
skill=-1,-1,-1,-1,-1,-1
Avg=96.96608703216891
Dtot=305
CoAtt=72
CoSucc=72
CoRat=100.0
S100+=80
S140+=1
S160+=1
S180=2
T+Out=71
HiScore=319
HiCo=0
AvgCo=104.58333333333331
