name=Petely_Pete
type=1
skill=-1,-1,-1,-1,-1,-1
Avg=54.06591930731732
Dtot=104
CoAtt=7
CoSucc=7
CoRat=100.0
S100+=16
S140+=1
S160+=1
S180=2
T+Out=7
HiScore=319
HiCo=0
AvgCo=139.28571428571428
