name=Petely_Pete
type=1
skill=-1,-1,-1,-1,-1,-1
Avg=49.31420154889753
Dtot=83
CoAtt=6
CoSucc=6
CoRat=100.0
S100+=15
S140+=1
S160+=0
S180=1
T+Out=6
HiScore=180
HiCo=0
AvgCo=109.33333333333333
