name=Petely_Pete
type=1
skill=-1,-1,-1,-1,-1,-1
Avg=96.25386802651602
Dtot=316
CoAtt=73
CoSucc=73
CoRat=100.0
S100+=80
S140+=1
S160+=1
S180=3
T+Out=71
HiScore=319
HiCo=0
AvgCo=103.43835616438353
